MPTCP
6.969841500270188
8.554702112820578
8.866571225293185
10.132715115859678
8.717414947146702
8.86034297811968
9.327431127507714
8.780169212281967
8.941111431934191
8.638248911255776
8.583981427569604
7.852196758676297
8.28975346505552
7.485944049879539
9.25303444661918
6.966640673495228
9.361152053229382
9.879353216975835
9.364104790757855
7.87782980395076
8.564449197077495
8.992094564344033
8.730487547156192
9.016704880969035
8.268662265592642
7.514888652610533
8.488230838708839
8.771940307962797
9.884426876472268
6.859490892699715
MPQUIC
33.690691068520366
31.000264631857437
39.04743123430852
32.8279443718009
38.17097314233785
22.398065961798512
17.9444715345607
16.622676293720616
35.342449667772634
38.82268627501493
20.507814638758777
34.05413906428777
31.712754655131246
15.708032193439843
41.204745827466475
17.372384113220008
17.980815810112144
26.92121103015605
26.813489352579705
16.273708530030945
34.51945680906544
20.26169662196733
29.594635628091865
21.44642202359558
37.16237009551815
34.352602553039326
25.756963267057436
23.509539191380384
32.53918688603186
37.54386289302799
15.23438365430179
QUIC
27.195761083836413
9.94423207119994
21.348014325854983
29.529295443179358
23.02104091740422
33.56624013511004
19.97389560810544
20.35013352802329
34.56100542523072
36.760857691452166
10.828069764568118
30.60373725856679
29.078419907702553
16.370473758385003
19.781080730860563
14.732879645340464
15.219062659120494
10.576472359053117
15.26375314273849
14.158791640515153
11.380828170430826
37.198108084311116
29.626590797163274
31.702489482310057
23.4219396046302
29.383088022886604
12.813383811060392
18.110669020229526
18.39197886056573
14.194340466935566
18.151479906748754
TCP
4.30004348412465
4.534922369533099
4.1667603788622465
4.116738477330661
4.767593471219585
4.596028676685829
4.1522632838860325
4.582547457237977
4.83932922506416
4.269739635542494
4.075936959949989
4.583828671274559
4.274661837919048
4.203264387775578
4.594913657608359
4.577767035050304
4.286732680673357
4.863314887810678
4.396263917693342
5.078688652395107
4.915046244708528
4.199947889201735
4.469813920616427
4.82514864787908
4.592313405075246
4.002744579520962
4.559274842387957
4.678629111632151
4.726607139634777
5.08801828565685
4.605968161075127
