MPTCP
7.023195688563286
8.794697795871736
8.891655349811673
9.555425546781976
9.807695615022821
9.169613729612669
8.732056322468265
8.264073969185025
8.992381269155844
8.770806476520749
9.310813825824626
8.601590654530911
8.935656421816438
8.644103882752312
9.698759314543747
10.317322601079095
7.526207440987821
9.098398728761811
9.101303434725109
9.157442210828151
9.49149420526452
9.985581380727629
8.922191091726775
9.642986916763688
9.184234785407083
8.584746576564916
9.067394306791353
8.783126900986517
9.002155336732455
8.172679314884807
9.24827500557442
MPQUIC
19.899415083610815
30.42245832820549
33.93914635858932
22.753055420309877
23.390684430912597
31.05765821968122
24.639281778807657
18.391401945556453
18.02578227955162
26.608343741103894
32.64682317598706
22.252768216275825
20.16144876639981
33.173293438232584
20.22039274617063
34.82819500249297
33.62441172236049
26.985376131975404
32.696278422018146
21.19870397620477
14.69433319557293
19.190267858041583
13.129354635581645
14.731984929268169
30.983370545325283
25.210364430128575
24.715946781996692
24.586040344374197
28.76944959709961
29.562985391011345
32.618996726357075
28.36180088879532
30.209969000364573
QUIC
21.248085649909612
23.29390627915538
20.40624238988835
23.816479433033727
10.002482070115514
10.50229665369501
9.696063480342502
10.224772467566337
8.42571000015245
28.590549554596926
14.02315660775787
11.97796242342977
28.840547532475917
34.0588836270647
9.777384375414883
32.45581536532518
34.99390177687048
19.212556354646214
17.538387595482675
19.791015825161928
13.61839089142246
10.981187144059923
31.324273931207024
33.59913186752349
33.484652649324104
30.14423833539343
12.434306514918758
11.436260196250188
11.188799527599297
21.611839576805806
30.130835037576468
24.59183225348652
22.841771791823035
TCP
3.970987744339443
4.413629914113878
4.26012214645772
4.186578229128511
4.240925252801739
4.553651978890804
3.796936122389378
4.325185614974766
4.68928918922453
4.716812381607205
4.924383269631903
4.5129035284074215
4.655364000446271
4.763056247676317
4.358157018958246
3.6172195998412113
4.141207699448924
4.02119128261983
4.395683796001928
4.361491511197976
3.9879481516181388
4.151612575769314
4.028826618464407
4.3117480150738885
3.982679946390376
4.381367298067007
4.500214723551632
4.381831502476105
4.618934546200883
4.851958655384764
5.083853975692633
4.2145288636552