MPTCP
10.541150154727704
9.58727903311936
10.29326433180495
10.55254166922205
10.874455579389098
10.419576173299566
9.525561724951618
10.150056566716627
10.188040500206649
10.021259439073246
9.784198709068486
7.3614294493371055
8.559394352338808
8.878673109024257
8.865015687582831
8.161036743221619
8.644239220070748
8.165714116336286
6.88022122607119
9.027748460333928
8.810757874263333
8.23760938057933
8.157866295429136
8.234766907640772
8.13682748111418
7.908956631079481
8.68056200728003
9.097300023669224
8.543151044583539
10.382902565242107
8.63788148953331
MPQUIC
33.28204922193535
35.220514340391176
33.87571670384782
30.05050417036947
29.894116316432893
20.972525883203026
28.46681426205659
36.70753784655407
35.69732688290933
26.94071923279394
35.26439745892887
33.7051557983803
37.61367286388516
26.022880004608034
33.631653838381276
38.33875473189645
32.896754243167955
28.798145248618688
37.872159465414974
30.47709591827802
18.842875211336573
34.13471503188118
34.73900708638904
35.928663063126336
25.685174338655603
37.96509827917251
30.92242250600274
18.488237227268154
31.238754785949443
33.260948231030895
32.93986828463588
QUIC
26.117695992313298
36.59580412414566
35.78060225881719
36.51360249464057
33.896228540118805
13.88407121415415
35.50315521075238
32.61686066522453
37.16640814899746
11.665586980259935
13.19033419004063
39.06546221379825
30.754771134031454
33.06065872319433
18.462741467176475
31.351117477338004
31.13251693405547
18.077647194435006
13.074532320098328
36.410208510650826
33.64894914585081
35.97355510722761
38.396889436566504
29.119536489135594
35.0447278158721
11.661807419660024
13.795425046851275
17.063881473992687
33.33820453906194
32.43199546095558
TCP
5.26222341477839
5.4073649558940655
5.556942380106932
5.050764574978907
5.620345150907857
5.453035147917129
5.409880647367483
4.819452736309147
5.318631637519174
5.194276626287093
4.961019029055924
5.58639049042975
5.411751263016253
5.229067866890473
5.361571286177659
5.201764330953197
4.332920853667081
5.2159204166019615
5.596648052544946
4.62217960704647
5.261195854377756
5.258235398009822
5.728293769565626
5.270950768033606
5.412326351481472
4.973498419823981
5.033389029036296
5.849992275447356
4.767811843366388
5.792502721581744
5.5386048400973005