MPTCP
8.134963536530407
8.45701392255619
9.433289126583187
8.665709019853157
9.46987259453626
8.94966852973269
8.371996845441505
8.84275431823507
8.459058273777288
9.480013307639487
7.618909516793639
9.298566967152501
7.364691010054376
8.941699461154899
8.871020620055537
8.63001688308318
9.044693458548425
8.985732511244143
9.13570782671959
8.962604204934253
7.725484771442349
9.539707125296925
9.745017981900588
9.486634832897538
9.857734555268568
8.491641527340853
9.403289358942414
9.694910998794507
8.574403890476546
7.6250733297729525
8.356997518707205
MPQUIC
21.825977877647848
38.42982833307627
35.517990110659014
23.751195737693664
39.7581614108335
43.13853308570168
44.61163857434724
44.604866870187436
23.987741233863748
18.005202065878752
33.698080111771176
42.647123198013254
20.073867524726126
26.763688715566794
40.39743241719209
39.3535165158528
31.2777211543078
38.69976299953709
42.147895565330785
40.03011235657116
23.610267433415395
35.82680145496103
43.641745996863
40.71308821564482
39.997349822220905
24.233413789485635
17.646097431344366
32.70948490694282
23.349507374550868
25.87292942564955
QUIC
7.7925864687224875
33.38093246247756
33.58015871357582
31.48542076362745
14.038176398140713
32.062645780692414
10.937285012885873
17.002881452228504
33.51053362991647
22.212395613373886
20.460936196281207
33.50142819409598
11.04584017628666
17.156784835499128
35.628884092286306
10.164218156728358
25.36563026890369
10.772658252705694
32.25532888662409
36.08003597223023
12.121558349125282
8.979022931624637
32.719525667274496
11.881990255580522
11.576656827988348
13.355237567789967
13.355195883332431
33.30226119998349
33.597700044815724
21.5915666065716
TCP
4.157387239480303
3.982151499961937
3.9240480027359315
4.998310223061145
5.056249847243987
6.1067975960108685
4.359577677577542
4.727096847631554
4.817525604576588
4.1227195986976115
3.9322189729870467
4.276682625017401
4.450314332511001
4.382955590756571
4.4478257493259665
4.414536146600039
4.942632017187481
4.860958660082943
4.805888654739691
4.800280776748957
4.318134005423736
4.416784584184772
4.819172300355543
4.724620964397027
4.4814170010692775
4.847385377344445
4.987115492242733
4.10231798230516
4.380665987271496
4.411321253745921
